#         t          x          y          z         vx         vy         vz
      0.000    -98.560   -119.990   -127.760     43.480     95.460    143.580
      0.100    -94.212   -110.444   -113.402     43.480     95.460    143.580
      0.200    -89.864   -100.898    -99.044     43.480     95.460    143.580
      0.300    -85.516    -91.352    -84.686     43.480     95.460    143.580
      0.400    -81.168    -81.806    -70.328     43.480     95.460    143.580
      0.500    -76.820    -72.260    -55.970     43.480     95.460    143.580
      0.600    -72.472    -62.714    -41.612     43.480     95.460    143.580
      0.700    -68.124    -53.168    -27.254     43.480     95.460    143.580
      0.800    -63.776    -43.622    -12.896     43.480     95.460    143.580
      0.900    -59.428    -34.076      1.462     43.480     95.460    143.580
      1.000    -55.080    -24.530     15.820     43.480     95.460    143.580
      1.100    -50.732    -14.984     30.178     43.480     95.460    143.580
      1.200    -46.384     -5.438     44.536     43.480     95.460    143.580
      1.300    -42.036      4.108     58.894     43.480     95.460    143.580
      1.400    -37.688     13.654     73.252     43.480     95.460    143.580
      1.500    -33.340     23.200     87.610     43.480     95.460    143.580
      1.600    -28.992     32.746    101.968     43.480     95.460    143.580
      1.700    -24.644     42.292    116.326     43.480     95.460    143.580
      1.800    -20.296     51.838    130.684     43.480     95.460    143.580
      1.900    -15.948     61.384    145.042     43.480     95.460    143.580
      2.000    -11.600     70.930    159.400     43.480     95.460    143.580
      2.100     -7.252     80.476    173.758     43.480     95.460    143.580
      2.200     -2.904     90.022    188.116     43.480     95.460    143.580
      2.300      1.444     99.568    202.474     43.480     95.460    143.580
      2.400      5.792    109.114    216.832     43.480     95.460    143.580
      2.500     10.140    118.660    231.190     43.480     95.460    143.580
      2.600     14.488    128.206    245.548     43.480     95.460    143.580
      2.700     18.836    137.752    259.906     43.480     95.460    143.580
      2.800     23.184    147.298    274.264     43.480     95.460    143.580
      2.900     27.532    156.844    288.622     43.480     95.460    143.580
      3.000     31.880    166.390    302.980     43.480     95.460    143.580
      3.100     36.228    175.936    317.338     43.480     95.460    143.580
      3.200     40.576    185.482    331.696     43.480     95.460    143.580
      3.300     44.924    195.028    346.054     43.480     95.460    143.580
      3.400     49.272    204.574    360.412     43.480     95.460    143.580
      3.500     53.620    214.120    374.770     43.480     95.460    143.580
      3.600     57.968    223.666    389.128     43.480     95.460    143.580
      3.700     62.316    233.212    403.486     43.480     95.460    143.580
      3.800     66.664    242.758    417.844     43.480     95.460    143.580
      3.900     71.012    252.304    432.202     43.480     95.460    143.580
      4.000     75.360    261.850    446.560     43.480     95.460    143.580
      4.100     79.708    271.396    460.918     43.480     95.460    143.580
      4.200     84.056    280.942    475.276     43.480     95.460    143.580
      4.300     88.404    290.488    489.634     43.480     95.460    143.580
      4.400     92.752    300.034    503.992     43.480     95.460    143.580
      4.500     97.100    309.580    518.350     43.480     95.460    143.580
      4.600    101.448    319.126    532.708     43.480     95.460    143.580
      4.700    105.796    328.672    547.066     43.480     95.460    143.580
      4.800    110.144    338.218    561.424     43.480     95.460    143.580
      4.900    114.492    347.764    575.782     43.480     95.460    143.580
      5.000    118.840    357.310    590.140     43.480     95.460    143.580
      5.100    123.188    366.856    604.498     43.480     95.460    143.580
      5.200    127.536    376.402    618.856     43.480     95.460    143.580
      5.300    131.884    385.948    633.214     43.480     95.460    143.580
      5.400    136.232    395.494    647.572     43.480     95.460    143.580
      5.500    140.580    405.040    661.930     43.480     95.460    143.580
      5.600    144.928    414.586    676.288     43.480     95.460    143.580
      5.700    149.276    424.132    690.646     43.480     95.460    143.580
      5.800    153.624    433.678    705.004     43.480     95.460    143.580
      5.900    157.972    443.224    719.362     43.480     95.460    143.580
      6.000    162.320    452.770    733.720     43.480     95.460    143.580
      6.100    166.668    462.316    748.078     43.480     95.460    143.580
      6.200    171.016    471.862    762.436     43.480     95.460    143.580
      6.300    175.364    481.408    776.794     43.480     95.460    143.580
      6.400    179.712    490.954    791.152     43.480     95.460    143.580
      6.500    184.060    500.500    805.510     43.480     95.460    143.580
      6.600    188.408    510.046    819.868     43.480     95.460    143.580
      6.700    192.756    519.592    834.226     43.480     95.460    143.580
      6.800    197.104    529.138    848.584     43.480     95.460    143.580
      6.900    201.452    538.684    862.942     43.480     95.460    143.580
      7.000    205.800    548.230    877.300     43.480     95.460    143.580
      7.100    210.148    557.776    891.658     43.480     95.460    143.580
      7.200    214.496    567.322    906.016     43.480     95.460    143.580
      7.300    218.844    576.868    920.374     43.480     95.460    143.580
      7.400    223.192    586.414    934.732     43.480     95.460    143.580
      7.500    227.540    595.960    949.090     43.480     95.460    143.580
      7.600    231.888    605.506    963.448     43.480     95.460    143.580
      7.700    236.236    615.052    977.806     43.480     95.460    143.580
      7.800    240.584    624.598    992.164     43.480     95.460    143.580
      7.900    244.932    634.144   1006.522     43.480     95.460    143.580
      8.000    249.280    643.690   1020.880     43.480     95.460    143.580
      8.100    253.628    653.236   1035.238     43.480     95.460    143.580
      8.200    257.976    662.782   1049.596     43.480     95.460    143.580
      8.300    262.324    672.328   1063.954     43.480     95.460    143.580
      8.400    266.672    681.874   1078.312     43.480     95.460    143.580
      8.500    271.020    691.420   1092.670     43.480     95.460    143.580
      8.600    275.368    700.966   1107.028     43.480     95.460    143.580
      8.700    279.716    710.512   1121.386     43.480     95.460    143.580
      8.800    284.064    720.058   1135.744     43.480     95.460    143.580
      8.900    288.412    729.604   1150.102     43.480     95.460    143.580
      9.000    292.760    739.150   1164.460     43.480     95.460    143.580
      9.100    297.108    748.696   1178.818     43.480     95.460    143.580
      9.200    301.456    758.242   1193.176     43.480     95.460    143.580
      9.300    305.804    767.788   1207.534     43.480     95.460    143.580
      9.400    310.152    777.334   1221.892     43.480     95.460    143.580
      9.500    314.500    786.880   1236.250     43.480     95.460    143.580
      9.600    318.848    796.426   1250.608     43.480     95.460    143.580
      9.700    323.196    805.972   1264.966     43.480     95.460    143.580
      9.800    327.544    815.518   1279.324     43.480     95.460    143.580
      9.900    331.892    825.064   1293.682     43.480     95.460    143.580
     10.000    336.240    834.610   1308.040     43.480     95.460    143.580
     10.100    340.588    844.156   1322.398     43.480     95.460    143.580
