#         t          x          y          z         vx         vy         vz
      0.000   -476.250    491.430   -412.420     44.340    101.220    141.390
     71.429   -472.890    498.930   -402.010     50.120    107.170    147.800
    142.857   -469.180    506.710   -391.380     58.020    111.730    151.010
    214.286   -464.840    514.930   -380.330     63.630    116.210    160.090
    285.714   -460.030    523.460   -368.470     72.270    124.960    171.100
    357.143   -454.430    532.540   -355.730     82.680    129.030    183.840
    428.571   -448.030    541.940   -342.340     94.750    133.400    191.160
    500.000   -440.780    551.460   -328.410    107.370    134.080    200.580
    571.429   -432.370    561.190   -313.650    130.800    138.140    212.260
    642.857   -422.260    570.940   -298.090    153.990    135.580    225.410
    714.286   -410.460    580.390   -281.630    178.990    127.220    236.460
    785.714   -396.760    588.940   -264.540    206.310    112.790    241.550
    857.143   -380.960    596.330   -247.030    237.730     93.210    246.690
    928.571   -362.910    601.840   -229.360    265.180     60.810    247.720
   1000.000   -343.390    605.150   -212.060    279.320     31.320    237.270
   1071.429   -323.170    606.330   -195.630    286.860      1.920    220.580
   1142.857   -302.690    605.490   -180.460    286.500    -25.060    204.070
   1214.286   -282.370    602.780   -166.510    281.220    -52.080    188.100
   1285.714   -262.560    598.400   -153.520    273.300    -68.560    176.580
   1357.143   -243.340    592.960   -141.410    263.410    -81.630    163.820
   1428.571   -224.760    586.580   -130.150    255.680    -97.030    149.650
   1500.000   -206.960    579.260   -119.880    243.950   -107.290    138.180
   1571.429   -189.860    571.290   -110.360    236.130   -116.020    129.740
   1642.857   -173.310    562.800   -101.460    226.570   -121.630    120.480
   1714.286   -157.450    553.800    -93.100    217.750   -131.120    113.580
   1785.714   -142.250    544.270    -85.330    208.030   -135.620    104.700
   1857.143   -127.700    534.390    -78.130    200.150   -142.040     97.210
   1928.571   -113.730    524.070    -71.450    191.400   -147.290     90.740
   2000.000   -100.350    513.300    -65.150    183.370   -154.000     85.240
   2071.429    -87.650    502.100    -59.280    171.790   -157.810     79.140
   2142.857    -75.570    490.800    -53.840    167.730   -158.290     72.690
   2214.286    -63.980    479.350    -48.920    156.480   -162.070     68.070
   2285.714    -52.970    467.600    -44.190    151.550   -165.820     63.750
   2357.143    -42.390    455.620    -39.880    145.210   -169.640     58.700
   2428.571    -32.380    443.400    -35.720    136.430   -171.140     56.450
   2500.000    -23.070    431.110    -31.770    125.530   -175.880     53.640
   2571.429    -14.330    418.440    -28.190    117.840   -179.970     45.560
   2642.857     -6.200    405.450    -24.970    109.840   -185.200     43.790
   2714.286      1.370    392.090    -22.020    103.000   -186.630     37.940
   2785.714      8.530    378.690    -19.480     98.370   -189.840     33.840
   2857.143     15.150    364.870    -17.120     88.120   -196.560     29.940
   2928.571     21.030    350.720    -15.110     77.670   -200.240     25.220
   3000.000     26.220    336.300    -13.480     68.520   -203.590     22.210
   3071.429     30.730    321.590    -11.960     57.240   -208.830     18.700
   3142.857     34.530    306.530    -10.720     47.650   -213.640     15.200
   3214.286     37.560    291.130     -9.880     36.070   -218.620      8.850
   3285.714     39.570    275.310     -9.480     21.460   -222.900      3.880
   3357.143     40.530    259.240     -9.350      5.760   -227.870     -0.210
   3428.571     40.210    242.810     -9.540    -13.900   -231.280     -6.230
   3500.000     38.610    226.040    -10.310    -31.260   -237.900    -13.850
   3571.429     35.590    208.800    -11.540    -53.660   -244.330    -20.130
   3642.857     30.850    191.190    -13.340    -79.500   -246.340    -32.970
   3714.286     23.920    173.660    -16.020   -114.540   -243.020    -43.370
   3785.714     14.500    156.620    -19.630   -151.500   -232.330    -56.600
   3857.143      2.410    140.750    -24.250   -187.640   -210.100    -71.500
   3928.571    -12.140    126.700    -29.660   -220.870   -179.010    -81.110
   4000.000    -28.800    115.680    -35.660   -247.190   -128.830    -83.950
   4071.429    -46.970    108.450    -41.540   -257.500    -70.840    -79.300
   4142.857    -65.210    105.850    -46.870   -250.200     -2.360    -66.310
   4214.286    -82.110    108.240    -50.970   -219.180     67.860    -48.820
   4285.714    -96.080    115.250    -53.690   -166.610    123.500    -28.270
   4357.143   -105.740    125.340    -54.970   -104.260    155.200     -8.280
   4428.571   -111.100    137.020    -55.020    -46.970    168.810      6.280
   4500.000   -112.650    149.090    -54.160      0.820    169.320     15.440
   4571.429   -111.140    161.070    -52.680     39.010    165.360     24.920
   4642.857   -107.070    172.660    -50.620     71.900    159.830     30.780
   4714.286   -100.830    183.820    -48.140    101.160    152.980     37.870
   4785.714    -92.700    194.460    -45.030    126.410    145.480     48.050
   4857.143    -82.900    204.520    -41.140    148.240    137.440     59.900
   4928.571    -71.640    214.040    -36.430    166.490    130.370     71.920
   5000.000    -59.140    223.010    -30.820    184.380    124.280     86.360
   5071.429    -45.310    231.730    -23.980    205.060    120.890    106.340
   5142.857    -29.860    240.070    -15.150    230.960    114.270    145.210
   5214.286    -12.570    247.460     -2.640    255.200     86.280    213.520
   5285.714      5.240    250.730     15.220    232.340     -5.260    277.390
   5357.143     19.940    247.390     34.590    180.130    -80.510    258.780
   5428.571     31.360    240.430     51.670    142.350   -112.740    221.190
   5500.000     40.620    231.810     66.120    117.350   -131.970    184.230
   5571.429     48.310    222.080     78.280     95.480   -142.050    155.190
   5642.857     54.600    211.720     88.310     78.640   -150.090    126.520
   5714.286     59.770    200.800     96.580     62.820   -158.400    104.180
   5785.714     63.850    189.410    103.180     48.890   -161.850     81.530
   5857.143     66.940    177.700    108.100     33.980   -168.740     59.130
   5928.571     68.960    165.780    111.410     19.950   -166.950     36.040
   6000.000     70.080    153.830    113.160      8.690   -168.470     10.200
   6071.429     70.340    141.960    113.300     -2.940   -165.040    -11.140
   6142.857     69.680    130.220    111.750    -19.250   -161.040    -37.120
   6214.286     67.940    118.890    108.230    -31.090   -153.970    -64.860
   6285.714     65.260    108.270    102.670    -48.390   -141.700    -97.870
   6357.143     60.340     98.080     94.060    -63.420   -125.300   -129.770
   6428.571     55.350     89.920     83.650    -75.770   -103.070   -164.910
   6500.000     49.440     83.610     70.740    -90.330    -72.280   -196.920
   6571.429     42.410     80.040     55.540   -102.810    -25.680   -229.890
   6642.857     34.870     80.280     38.240   -108.530     34.650   -253.690
   6714.286     27.180     85.640     19.950   -100.240    115.020   -253.530
   6785.714     20.790     96.440      2.820    -75.440    185.510   -216.820
   6857.143     16.670    111.410    -10.430    -39.930    224.770   -152.320
   6928.571     15.010    127.820    -18.990     -9.670    230.230    -88.210
   7000.000     15.450    143.840    -23.470     20.330    216.290    -36.830
   7071.429     17.600    158.510    -24.610     40.140    195.120      3.550
   7142.857     21.050    171.590    -23.320     55.450    171.560     35.760
   7214.286     25.370    182.870    -19.830     65.340    145.700     62.920
   7285.714     30.430    192.380    -14.360     77.330    120.300     86.560
   7357.143     36.360    199.930     -7.590     85.800     90.100    104.550
   7428.571     42.760    205.430      0.390     93.560     64.990    122.890
   7500.000     49.660    208.960      9.600     99.400     33.360    134.080
   7571.429     56.860    210.240     19.560    103.320      2.620    143.300
   7642.857     64.200    209.280     30.190    102.180    -29.720    153.230
   7714.286     71.560    205.940     41.410    102.590    -64.380    161.550
   7785.714     78.910    200.110     53.100    105.370   -101.070    163.990
   7857.143     86.340    191.600     64.770    101.890   -139.700    161.950
   7928.571     93.610    179.910     76.160     97.520   -186.360    155.870
   8000.000    100.310    165.030     86.920     89.600   -231.870    143.540
   8071.429    106.070    146.560     96.310     70.670   -283.500    116.230
   8142.857    110.350    124.730    103.030     45.910   -328.090     67.370
   8214.286    112.380    100.270    105.390      8.830   -351.920     -6.090
   8285.714    111.440     75.590    102.020    -35.760   -328.460    -88.700
   8357.143    107.510     54.270     93.250    -70.560   -264.000   -150.330
   8428.571    101.760     38.180     81.390    -85.160   -187.720   -180.440
   8500.000     95.590     27.460     68.360    -86.810   -115.520   -183.030
   8571.429     89.560     21.640     55.650    -82.220    -50.740   -173.220
   8642.857     84.020     19.640     43.870    -75.300     -3.340   -152.290
   8714.286     79.240     20.880     33.970    -58.080     36.490   -125.490
   8785.714     75.730     24.810     26.060    -40.740     69.570    -97.280
   8857.143     73.590     30.730     20.200    -22.380     95.170    -65.910
   8928.571     72.730     38.310     16.760     -2.410    115.850    -31.350
   9000.000     73.140     47.180     15.750     17.360    131.290      4.060
   9071.429     75.080     56.930     17.250     38.600    140.860     41.210
   9142.857     78.660     67.180     21.730     61.940    144.940     83.970
   9214.286     83.810     77.360     29.270     85.360    140.410    127.230
   9285.714     90.990     87.010     40.100    115.440    128.000    176.260
   9357.143    100.650     95.160     54.600    149.720     98.100    229.310
   9428.571    115.760     94.930     76.710    183.510     37.130    280.300
   9500.000    126.630     99.830     94.100    208.240    -55.330    310.110
   9571.429    141.740     91.620    115.820    206.670   -173.500    287.010
   9642.857    155.300     76.170    133.670    166.450   -244.060    206.470
   9714.286    165.480     57.850    145.450    119.000   -259.140    125.100
   9785.714    172.270     39.860    151.940     76.270   -242.330     59.990
   9857.143    176.610     23.650    154.560     43.360   -213.520     11.340
   9928.571    178.610      9.710    153.960     14.910   -177.370    -24.020
  10000.000    178.930     -1.620    150.920     -7.120   -138.850    -55.470
  10071.429    177.660    -10.140    145.830    -29.730    -98.990    -85.780
  10142.857    174.830    -15.600    139.160    -46.310    -52.970   -103.050
  10214.286    170.880    -17.670    131.200    -61.920     -1.670   -118.810
  10285.714    162.790     -3.050    120.230    -73.560     54.120   -124.230
  10357.143    160.130     -9.740    113.530    -82.710    119.030   -123.290
  10428.571    154.050      1.470    105.260    -82.810    195.790   -104.040
  10500.000    148.740     18.260     99.630    -59.450    273.910    -49.730
  10571.429    146.400     39.930     99.090     -2.080    316.870     42.710
  10642.857    148.810     61.530    105.700     69.310    276.010    136.550
  10714.286    155.420     78.260    117.240    112.120    191.540    180.430
  10785.714    164.470     88.990    130.660    135.080    108.400    192.310
  10857.143    174.370     94.210    144.330    142.870     38.590    187.500
  10928.571    184.530     94.730    157.000    137.290    -23.840    169.900
  11000.000    194.200     91.020    168.360    131.880    -79.530    145.140
  11071.429    203.010     83.660    177.570    117.640   -124.920    113.040
  11142.857    210.640     73.170    184.340     94.830   -166.750     76.820
  11214.286    216.420     60.100    188.300     66.760   -198.670     34.800
  11285.714    219.890     45.080    188.970     31.270   -224.130    -15.970
  11357.143    220.680     28.670    185.630    -11.890   -234.220    -78.460
