#         t          x          y          z         vx         vy         vz
      0.000     -1.990      2.870     -1.450      0.240      7.990     -1.660
     71.429     -1.750      3.080     -1.490     -0.570      6.690     -0.780
    142.857     -1.890      3.220     -1.570     -4.900      9.980     -0.930
    214.286     -2.240      3.480     -1.600     -3.280      7.950     -0.060
    285.714     -2.450      3.780     -1.610     -5.400      7.320      0.430
    357.143     -2.860      4.120     -1.520     -8.100      6.760      0.270
    428.571     -3.400      4.800     -1.650     -7.230     14.120     -2.280
    500.000     -3.570      5.570     -1.830     -3.390      9.310     -3.530
    571.429     -3.670      6.110     -2.040     -4.510      5.220     -2.430
    642.857     -4.050      6.600     -2.160     -6.950      5.060     -1.440
    714.286     -4.070      7.000     -2.220     -7.190      6.650     -1.650
    785.714     -4.500      7.620     -2.570     -7.840     10.920     -6.700
    857.143     -5.190      8.340     -3.180    -10.650      6.800     -9.050
    928.571     -5.940      9.140     -3.730    -12.390     10.790     -8.630
   1000.000     -6.560     10.330     -4.310     -5.060     12.740     -8.260
   1071.429     -6.940     11.050     -4.880     -5.400     11.460    -10.120
   1142.857     -7.450     12.040     -5.610     -6.980     17.010    -12.040
   1214.286     -7.590     13.380     -6.450     -5.870     14.100    -10.720
   1285.714     -8.670     14.490     -7.170    -11.210     15.480    -10.380
   1357.143     -9.400     15.850     -7.960     -9.690     19.780    -11.150
   1428.571     -9.990     17.060     -8.840    -11.830     14.120    -13.780
   1500.000    -10.780     18.250     -9.830    -12.130     20.770    -14.770
   1571.429    -11.570     19.750    -10.860    -11.430     25.090    -16.180
   1642.857    -12.410     21.480    -11.800    -13.100     25.990    -12.450
   1714.286    -13.330     23.330    -12.740    -12.240     26.670    -13.400
   1785.714    -14.150     25.190    -13.750    -14.370     25.060    -15.980
   1857.143    -15.230     26.870    -14.860    -19.300     28.730    -15.150
   1928.571    -16.740     29.260    -15.790    -22.190     30.880    -14.990
   2000.000    -18.230     31.640    -16.880    -22.110     34.720    -16.310
   2071.429    -19.840     34.290    -18.010    -21.380     41.330    -15.830
   2142.857    -21.250     37.110    -19.200    -17.300     39.460    -16.610
   2214.286    -22.640     40.030    -20.440    -18.690     39.760    -19.560
   2285.714    -24.220     42.840    -21.840    -23.260     38.530    -20.410
   2357.143    -25.930     45.900    -23.160    -22.300     42.810    -19.470
   2428.571    -27.620     49.030    -24.490    -24.760     42.050    -19.560
   2500.000    -29.420     52.260    -25.890    -25.340     50.670    -20.290
   2571.429    -31.120     56.010    -27.360    -24.760     53.340    -21.440
   2642.857    -33.110     59.730    -28.750    -26.240     55.040    -19.950
   2714.286    -34.970     63.710    -30.290    -27.170     54.990    -21.310
   2785.714    -36.910     67.720    -31.890    -29.050     60.840    -24.050
   2857.143    -39.100     72.170    -33.610    -29.460     63.400    -23.870
   2928.571    -41.230     76.770    -35.400    -30.900     66.910    -27.610
   3000.000    -43.120     81.500    -37.470    -33.830     72.700    -29.120
   3071.429    -45.410     87.240    -39.450    -30.420     79.330    -28.220
   3142.857    -47.660     93.020    -41.510    -33.750     82.680    -30.050
   3214.286    -49.730     99.180    -43.710    -36.930     85.260    -30.160
   3285.714    -52.350    105.570    -45.740    -39.060     89.480    -29.260
   3357.143    -55.370    112.430    -47.940    -42.840     97.330    -31.020
   3428.571    -58.580    120.050    -50.180    -43.560    109.250    -32.060
   3500.000    -61.670    128.290    -52.270    -40.390    122.870    -30.310
   3571.429    -64.650    137.340    -54.360    -43.590    131.600    -28.340
   3642.857    -67.790    147.430    -56.320    -43.020    149.540    -28.070
   3714.286    -70.860    158.890    -58.070    -41.760    170.240    -21.190
   3785.714    -74.050    171.840    -59.250    -42.380    192.800    -11.430
   3857.143    -76.970    186.780    -59.380    -35.440    226.010      9.310
   3928.571    -78.630    204.410    -57.230     -5.660    265.610     57.410
   4000.000    -76.710    223.100    -50.340     58.870    246.400    129.580
   4071.429    -71.240    238.350    -40.080     90.330    182.970    148.780
   4142.857    -64.480    249.480    -30.160     86.120    125.880    130.030
   4214.286    -58.710    257.280    -21.900     76.570     89.930    104.100
   4285.714    -53.660    262.860    -15.160     67.820     65.010     85.540
   4357.143    -48.940    266.820     -9.680     63.930     43.540     72.860
   4428.571    -44.710    268.690     -5.010     59.460     25.640     62.790
   4500.000    -40.550    270.040     -0.920     59.030     10.130     52.040
   4571.429    -36.460    270.190      2.730     55.140     -7.020     48.970
   4642.857    -32.660    269.380      6.070     51.170    -17.680     43.180
   4714.286    -29.010    267.790      9.030     51.850    -28.310     37.910
   4785.714    -25.430    265.330     11.650     50.640    -40.660     32.840
   4857.143    -21.880    262.110     13.960     49.210    -51.210     30.540
   4928.571    -18.520    258.140     16.070     45.630    -60.220     27.680
   5000.000    -15.450    253.420     17.820     41.590    -69.930     21.510
   5071.429    -12.620    248.030     19.160     37.660    -79.850     15.630
   5142.857     -9.930    242.030     19.940     36.070    -86.590      5.790
   5214.286     -7.450    235.570     19.960     32.790    -91.620     -7.540
   5285.714     -5.140    228.910     18.950     32.580    -88.880    -21.380
   5357.143     -2.670    222.400     17.450     37.860    -88.280    -23.650
   5428.571     -0.120    215.550     15.890     37.270    -98.140    -21.560
   5500.000      2.370    207.930     14.420     35.710   -114.650    -18.670
   5571.429      4.720    199.220     13.100     32.390   -129.510    -16.360
   5642.857      6.720    189.150     11.690     23.430   -151.550    -21.430
   5714.286      8.010    177.370      9.800     10.160   -177.170    -29.960
   5785.714      8.130    163.160      6.930    -12.110   -223.040    -50.330
   5857.143      4.180    144.650      1.520   -171.460   -232.750    -88.060
   5928.571     -4.480    135.280     -0.870    -81.530    -70.570    -14.640
   6000.000     -6.920    132.080     -0.130     24.460    -33.730     22.820
   6071.429     -4.910    131.820      2.010     79.700     -1.370     49.450
   6142.857      0.240    133.610      5.180    125.360     41.680     71.910
   6214.286      8.260    138.270      9.700    192.660    139.510    118.650
   6285.714     21.720    144.440     19.460     36.350    -44.540     32.270
   6357.143     22.970    140.030     18.610     39.200    -52.160     18.730
   6428.571     25.430    138.090     20.210     41.990    -29.250     19.060
   6500.000     28.590    136.650     22.010     40.150    -20.210     23.050
   6571.429     31.630    134.880     24.010     41.890    -30.150     21.930
   6642.857     34.740    133.180     26.580     40.620    -23.650     34.750
   6714.286     37.640    131.470     29.780     38.460    -26.520     32.280
   6785.714     40.240    129.430     32.370     40.580    -27.700     39.020
   6857.143     43.080    127.120     34.460     42.130    -29.980     29.950
   6928.571     45.820    124.630     36.400     42.150    -29.400     23.300
   7000.000     48.590    122.260     38.470     38.110    -26.770     22.870
   7071.429     51.020    119.860     39.950     39.930    -24.600     29.600
   7142.857     53.250    118.060     42.000     32.090    -23.480     22.310
   7214.286     57.780    115.810     43.780     34.060    -24.560     19.390
   7285.714     60.380    114.100     45.220     33.020    -25.050     23.060
   7357.143     62.910    112.270     46.880     33.200    -26.050     22.550
   7428.571     65.310    110.390     48.840     28.810    -24.370     27.550
   7500.000     67.450    108.560     50.740     27.210    -23.350     27.740
   7571.429     69.550    106.650     52.470     28.210    -28.300     25.030
   7642.857     71.560    104.710     54.110     31.500    -26.510     29.160
   7714.286     73.480    103.090     55.720     28.820    -20.790     24.720
   7785.714     75.230    101.740     56.930     27.230    -20.790     19.620
   7857.143     76.990    100.690     57.840     29.530    -18.580     18.830
   7928.571     79.470     99.950     59.720     32.890    -18.900     16.630
   8000.000     81.830     98.550     60.980     37.770    -15.820     20.220
   8071.429     84.450     97.370     62.410     36.480    -18.490     23.960
   8142.857     87.190     96.160     64.040     39.240    -20.760     22.180
   8214.286     89.760     94.860     65.820     37.900    -16.380     30.800
   8285.714     92.480     93.740     67.790     42.150    -16.430     36.840
   8357.143     95.090     92.600     70.330     40.380    -24.520     36.320
   8428.571     97.870     91.030     72.850     37.180    -23.180     36.580
   8500.000    100.520     89.370     75.160     34.420    -25.680     32.080
   8571.429    103.120     87.650     77.250     33.060    -27.360     28.760
   8642.857    105.620     85.880     79.220     34.310    -26.240     24.990
   8714.286    107.990     83.910     81.030     31.200    -28.550     23.160
   8785.714    110.160     81.920     82.610     28.740    -26.690     17.750
   8857.143    112.360     79.970     84.140     30.870    -25.390     17.800
   8928.571    114.660     77.960     85.770     33.430    -27.110     23.100
   9000.000    116.030     75.090     87.200     30.430    -25.120     21.640
   9071.429    118.190     73.390     88.710     29.820    -22.250     21.520
   9142.857    120.370     71.680     90.140     29.680    -27.570     16.730
   9214.286    122.410     69.830     91.140     30.460    -26.990     19.530
   9285.714    124.820     68.120     92.950     31.390    -27.080     22.820
   9357.143    127.120     66.390     94.460     30.200    -26.400     19.720
   9428.571    129.130     64.500     95.730     25.870    -28.540     20.640
   9500.000    131.090     62.760     97.380     26.600    -23.410     25.160
   9571.429    132.920     61.500     99.220     27.960    -18.460     25.330
   9642.857    134.860     60.630    100.840     27.810    -13.190     26.400
   9714.286    136.940     59.680    102.440     30.800    -13.550     22.280
   9785.714    139.170     58.550    104.100     34.100    -17.240     23.280
   9857.143    141.650     57.310    106.140     34.740    -17.440     25.840
   9928.571    144.200     55.980    108.100     37.710    -18.020     32.360
  10000.000    146.860     54.410    110.210     39.820    -21.360     33.090
  10071.429    149.400     52.770    112.310     36.480    -19.660     31.590
  10142.857    151.810     51.300    114.600     31.450    -17.800     34.190
  10214.286    154.130     50.020    116.980     32.120    -18.230     31.170
  10285.714    156.440     48.680    119.260     31.700    -18.350     32.240
  10357.143    158.850     47.440    121.360     31.800    -17.070     28.420
  10428.571    160.590     46.010    123.230     32.860    -22.100     25.730
  10500.000    162.800     44.260    124.810     28.460    -26.670     22.040
  10571.429    164.960     42.390    126.190     29.840    -29.640     18.400
  10642.857    168.060     40.100    128.150     30.560    -30.660     17.660
  10714.286    170.200     38.040    129.480     29.680    -28.390     18.010
  10785.714    172.160     36.180    130.860     25.660    -26.600     18.820
  10857.143    173.990     34.540    132.320     25.070    -22.300     20.460
  10928.571    175.970     33.270    133.870     32.170    -17.170     25.040
  11000.000    178.180     32.030    135.650     32.610    -16.960     28.320
  11071.429    180.400     30.800    137.620     30.150    -20.850     27.530
  11142.857    182.410     29.350    139.460     29.060    -21.690     27.130
  11214.286    184.520     27.820    141.420     31.260    -23.270     29.260
  11285.714    186.670     26.300    143.120     28.410    -20.960     25.480
  11357.143    188.720     24.890    145.050     27.040    -20.660     28.560
